function [cx,cy,cn] = windcoef(gamma,L,B,C,S,M,A_L,A_T)


% CX_data = [gamma 	A0	A1	A2	A3	A4	A5	A6	]
CX_data= [...  
0	2.152	-5.00	0.243	-0.164	0	    0       0	
10	1.714	-3.33	0.145	-0.121	0 	    0	    0	
20	1.818	-3.97	0.211	-0.143	0	    0	    0.033	
30	1.965	-4.81	0.243	-0.154	0	    0   	0.041	
40	2.333	-5.99	0.247	-0.190	0    	0	    0.042
50	1.726	-6.54	0.189	-0.173	0.348	0	    0.048	
60	0.913	-4.68	0	    -0.104	0.482	0	    0.052	
70	0.457	-2.88	0	    -0.068	0.346	0	    0.043	
80	0.341	-0.91	0	    -0.031	0	    0    	0.032	
90	0.355	0	    0	    0   	-0.247	0	    0.018	
100	0.601	0	    0	    0	    -0.372	0	    -0.020
110	0.651	1.29	0	    0	    -0.582	0	    -0.031	
120	0.564	2.54	0	    0	    -0.748	0	    -0.024	
130	-0.142	3.58	0	    0.047	-0.700	0	    -0.028	
140	-0.677	3.64	0	    0.069	-0.529	0	    -0.032	
150	-0.723	3.14	0	    0.064	-0.475	0	    -0.032	
160	-2.148	2.56	0	    0.081	0	    1.27	-0.027	
170	-2.707	3.97	-0.175	0.126	0	    1.81	0	
180	-2.529	3.76	-0.174	0.128	0    	1.55	0	      ];
						                          
cx = A0 + A1*2*A_L/L^2 + A2*2*A_T/B^2 + A3*(L/B) + A4*(S/L) + A5*(C/L) + A6*M;